14.8167
13.0772
13.8359
14.7112
13.2737
15.1758
13.1725
13.9391
14.6813
14.606
12.6535
14.4051
14.4302
15.0977
13.8199
13.4607
14.9154
13.2305
15.0244
13.6008
14.3534
14.3784
15.2959
15.1765
14.5726
13.6191
14.954
13.7818
13.9594
14.8153
13.7
14.8067
14.2936
13.8765
15.5792
14.4193
13.914
15.5805
13.786
14.1095
15.6703
14.2057
15.3235
13.9108
14.447
13.2982
13.6599
13.5053
14.2502
15.925
13.6475
14.0216
13.0674
14.3689
12.7456
15.0415
14.418
14.1806
15.006
14.7002
